255,8,2,0_丽水市/龙泉市
255,8,2,1_龙泉市/小梅镇
255,8,2,2_龙泉市/屏南镇
255,8,2,3_龙泉市/查田镇
255,8,2,4_龙泉市/安仁镇
255,8,2,5_龙泉市/住龙镇
255,8,2,6_龙泉市/城北乡
255,8,2,7_龙泉市/龙渊街道
255,6,5,23_富阳区/胥口镇
255,6,5,24_富阳区/鹿山街道
255,8,2,9_龙泉市/岩樟乡
255,8,2,8_龙泉市/锦溪镇
255,6,5,20_富阳区/新桐乡
255,6,5,21_富阳区/环山乡
255,6,5,22_富阳区/大源镇
255,6,11,2_建德市/大洋镇
255,6,11,3_建德市/航头镇
255,6,11,0_杭州市/建德市
255,6,11,1_建德市/梅城镇
255,6,11,6_建德市/洋溪街道
255,6,11,7_建德市/杨村桥镇
255,6,11,4_建德市/寿昌镇
255,6,11,5_建德市/新安江街道
255,6,11,8_建德市/大同镇
255,6,11,9_建德市/李家镇
255,6,5,18_富阳区/场口镇
255,6,5,19_富阳区/渌渚镇
255,6,5,16_富阳区/上官乡
255,6,5,17_富阳区/龙门镇
255,6,5,14_富阳区/常绿镇
255,6,5,15_富阳区/常安镇
255,6,5,12_富阳区/春建乡
255,6,5,13_富阳区/湖源乡
255,6,5,10_富阳区/富春街道
255,6,5,11_富阳区/东洲街道
255,3,5,12_海宁市/斜桥镇
255,11,0,0_浙江省/台州市
255,3,5,11_海宁市/盐官镇
255,3,5,10_海宁市/袁花镇
255,4,0,0_浙江省/衢州市
255,2,3,12_吴兴区/飞英街道
255,2,3,13_吴兴区/龙泉街道
255,2,3,10_吴兴区/月河街道
255,2,3,11_吴兴区/爱山街道
255,7,1,10_泰顺县/筱村镇
255,11,9,14_三门县/浬浦镇
255,11,9,12_三门县/泗淋乡
255,11,9,13_三门县/花桥镇
255,11,9,10_三门县/健跳镇
255,11,9,11_三门县/沿赤乡
255,2,3,17_吴兴区/环渚街道
255,2,3,16_吴兴区/滨湖街道
255,2,3,15_吴兴区/八里店镇
255,2,3,14_吴兴区/凤凰街道
255,8,9,16_莲都区/联城街道
255,8,9,15_莲都区/白云街道
255,8,9,14_莲都区/岩泉街道
255,11,8,6_仙居县/田市镇
255,10,1,11_鄞州区/古林镇
255,8,9,13_莲都区/紫金街道
255,11,8,7_仙居县/上张乡
255,10,1,12_鄞州区/首南街道
255,8,9,12_莲都区/万象街道
255,11,8,8_仙居县/朱溪镇
255,8,9,11_莲都区/富岭街道
255,11,8,9_仙居县/广度乡
255,10,1,10_鄞州区/石碶街道
255,8,9,10_莲都区/碧湖镇
255,6,13,19_萧山区/北干街道
255,6,13,18_萧山区/新塘街道
255,6,13,17_萧山区/城厢街道
255,6,13,22_萧山区/楼塔镇
255,6,13,23_萧山区/河上镇
255,6,13,20_萧山区/宁围镇
255,6,13,21_萧山区/顺坝垦区
255,6,13,26_萧山区/临江街道
255,6,13,27_萧山区/蜀山街道
255,6,13,24_萧山区/萧山区围垦区
255,6,13,25_萧山区/益农镇
255,11,8,3_仙居县/皤滩乡
255,10,1,16_鄞州区/梅墟街道
255,6,12,11_桐庐县/桐君街道
255,11,8,2_仙居县/横溪镇
255,10,1,15_鄞州区/邱隘镇
255,6,12,10_桐庐县/江南镇
255,11,8,5_仙居县/溪港乡
255,10,1,14_鄞州区/钟公庙街道
255,11,8,4_仙居县/安岭乡
255,10,1,13_鄞州区/中河街道
255,10,1,19_鄞州区/洞桥镇
255,6,12,14_桐庐县/横村镇
255,11,8,1_仙居县/湫山乡
255,10,1,18_鄞州区/潘火街道
255,6,12,13_桐庐县/瑶琳镇
255,11,8,0_台州市/仙居县
255,10,1,17_鄞州区/下应街道
255,6,12,12_桐庐县/莪山畲族乡
255,11,4,0_台州市/温岭市
255,11,4,1_温岭市/石桥头镇
255,10,1,20_鄞州区/集士港镇
255,10,1,21_鄞州区/鄞江镇
255,10,1,22_鄞州区/龙观乡
255,10,1,23_鄞州区/横街镇
255,11,4,8_温岭市/城北街道
255,11,4,9_温岭市/泽国镇
255,11,4,6_温岭市/松门镇
255,11,4,7_温岭市/箬横镇
255,11,4,4_温岭市/温岭市东部产业集聚区
255,11,4,5_温岭市/石塘镇
255,3,6,9_秀洲区/新塍镇
255,11,4,2_温岭市/城东街道
255,11,4,3_温岭市/横峰街道
255,3,6,5_秀洲区/王江泾镇
255,3,6,6_秀洲区/洪合镇
255,6,13,10_萧山区/临浦镇
255,3,6,7_秀洲区/高照街道
255,6,13,11_萧山区/义桥镇
255,3,6,8_秀洲区/新城街道
255,6,13,12_萧山区/所前镇
255,3,6,1_秀洲区/王店镇
255,6,13,13_萧山区/衙前镇
255,3,6,2_秀洲区/嘉北街道
255,6,13,14_萧山区/新街镇
255,3,6,3_秀洲区/塘汇街道
255,6,13,15_萧山区/浦阳镇
255,3,6,4_秀洲区/油车港镇
255,6,13,16_萧山区/闻堰镇
255,10,1,25_鄞州区/咸祥镇
255,10,1,24_鄞州区/章水镇
255,3,6,0_嘉兴市/秀洲区
255,9,6,5_义乌市/义亭镇
255,4,1,11_江山市/碗窑乡
255,2,5,14_长兴县/煤山镇
255,9,6,6_义乌市/稠江街道
255,4,1,10_江山市/清湖镇
255,9,6,3_义乌市/苏溪镇
255,4,1,13_江山市/上余镇
255,2,5,12_长兴县/白岘乡
255,9,6,4_义乌市/江东街道
255,4,1,12_江山市/坛石镇
255,2,5,13_长兴县/夹浦镇
255,9,6,9_义乌市/北苑街道
255,2,5,10_长兴县/槐坎乡
255,2,5,11_长兴县/水口乡
255,9,6,7_义乌市/上溪镇
255,9,6,8_义乌市/城西街道
255,4,1,18_江山市/大桥镇
255,4,1,19_江山市/贺村镇
255,9,6,2_义乌市/稠城街道
255,4,1,14_江山市/大陈乡
255,9,6,1_义乌市/大陈镇
255,4,1,15_江山市/虎山街道
255,9,6,0_金华市/义乌市
255,4,1,16_江山市/双塔街道
255,4,1,17_江山市/四都镇
255,4,1,20_江山市/凤林镇
255,6,13,28_萧山区/瓜沥镇
255,9,7,19_磐安县/高二乡
255,9,7,17_磐安县/新渥镇
255,9,7,18_磐安县/冷水镇
255,9,7,15_磐安县/九和乡
255,9,7,16_磐安县/仁川镇
255,9,7,13_磐安县/大盘镇
255,9,7,14_磐安县/维新乡
255,9,7,11_磐安县/尚湖镇
255,9,7,12_磐安县/方前镇
255,9,7,10_磐安县/双溪乡
255,6,13,4_萧山区/新湾街道
255,6,13,5_萧山区/河庄街道
255,6,13,2_萧山区/靖江街道
255,6,13,3_萧山区/南阳街道
255,6,13,8_萧山区/戴村镇
255,6,13,9_萧山区/进化镇
255,6,13,6_萧山区/义蓬街道
255,6,13,7_萧山区/前进街道
255,6,13,0_杭州市/萧山区
255,6,13,1_萧山区/党湾镇
255,7,5,13_乐清市/石帆街道
255,7,5,14_乐清市/城东街道
255,1,6,11_越城区/东湖镇
255,7,5,15_乐清市/乐成街道
255,1,6,10_越城区/府山街道
255,7,5,16_乐清市/柳市镇
255,1,6,13_越城区/蕺山街道
255,7,5,17_乐清市/大荆镇
255,1,6,12_越城区/北海街道
255,1,6,15_越城区/孙端镇
255,1,6,14_越城区/东浦镇
255,7,5,10_乐清市/白石街道
255,7,5,11_乐清市/盐盆街道
255,7,5,12_乐清市/城南街道
255,1,6,16_越城区/陶堰镇
255,1,6,17_越城区/富盛镇
255,1,4,14_上虞区/上虞围垦区
255,7,3,5_洞头区/元觉街道
255,3,4,0_嘉兴市/嘉善县
255,1,4,15_上虞区/长塘镇
255,7,3,4_洞头区/鹿西乡
255,3,4,1_嘉善县/大云镇
255,1,4,16_上虞区/岭南乡
255,10,5,2_海曙区/段塘街道
255,3,4,2_嘉善县/罗星街道
255,1,4,17_上虞区/陈溪乡
255,7,3,6_洞头区/霓屿街道
255,1,4,18_上虞区/下管镇
255,7,3,1_洞头区/大门镇
255,1,4,19_上虞区/章镇镇
255,7,3,0_温州市/洞头区
255,7,3,3_洞头区/北岙街道
255,7,3,2_洞头区/东屏街道
255,10,9,0_宁波市/慈溪市
255,3,4,7_嘉善县/陶庄镇
255,1,2,18_嵊州市/浦口街道
255,10,9,1_慈溪市/横河镇
255,3,4,8_嘉善县/西塘镇
255,1,2,19_嵊州市/鹿山街道
255,3,4,9_嘉善县/姚庄镇
255,1,2,16_嵊州市/崇仁镇
255,1,2,17_嵊州市/仙岩镇
255,10,9,4_慈溪市/掌起镇
255,10,5,1_海曙区/海曙区所辖街道
255,3,4,3_嘉善县/魏塘街道
255,1,2,14_嵊州市/通源乡
255,10,9,5_慈溪市/龙山镇
255,10,5,0_宁波市/海曙区
255,3,4,4_嘉善县/惠民街道
255,1,2,15_嵊州市/石璜镇
255,11,6,9_黄岩区/北洋镇
255,10,9,2_慈溪市/浒山街道
255,3,4,5_嘉善县/天凝镇
255,1,2,12_嵊州市/谷来镇
255,11,6,8_黄岩区/西城街道
255,10,9,3_慈溪市/匡堰镇
255,3,4,6_嘉善县/干窑镇
255,1,2,13_嵊州市/雅璜乡
255,11,6,6_黄岩区/南城街道
255,10,9,9_慈溪市/新浦镇
255,1,2,11_嵊州市/竹溪乡
255,7,10,0_温州市/鹿城区
255,11,6,7_黄岩区/澄江街道
255,10,9,8_慈溪市/长河镇
255,1,2,10_嵊州市/王院乡
255,7,10,1_鹿城区/藤桥镇
255,11,6,4_黄岩区/茅畲乡
255,10,9,7_慈溪市/胜山镇
255,7,1,0_温州市/泰顺县
255,11,6,5_黄岩区/高桥街道
255,10,9,6_慈溪市/坎墩街道
255,7,1,1_泰顺县/彭溪镇
255,11,6,2_黄岩区/沙埠镇
255,10,3,2_江北区/洪塘街道
255,7,10,4_鹿城区/五马街道
255,11,6,3_黄岩区/院桥镇
255,10,3,3_江北区/江北区所辖街道
255,7,10,5_鹿城区/南汇街道
255,11,6,0_台州市/黄岩区
255,10,3,0_宁波市/江北区
255,7,10,2_鹿城区/七都街道
255,11,6,1_黄岩区/富山乡
255,10,3,1_江北区/慈城镇
255,7,10,3_鹿城区/松台街道
255,7,1,6_泰顺县/竹里畲族乡
255,7,10,8_鹿城区/仰义街道
255,7,1,7_泰顺县/罗阳镇
255,10,3,4_江北区/庄桥街道
255,7,1,8_泰顺县/仕阳镇
255,7,10,6_鹿城区/滨江街道
255,7,1,9_泰顺县/三魁镇
255,7,10,7_鹿城区/双屿街道
255,1,4,11_上虞区/永和镇
255,7,1,2_泰顺县/雅阳镇
255,1,4,10_上虞区/曹娥街道
255,7,1,3_泰顺县/泗溪镇
255,1,4,13_上虞区/百官街道
255,7,1,4_泰顺县/百丈镇
255,1,4,12_上虞区/丰惠镇
255,7,1,5_泰顺县/司前畲族镇
255,9,3,15_兰溪市/灵洞乡
255,9,3,16_兰溪市/兰江街道
255,9,3,13_兰溪市/女埠街道
255,9,3,14_兰溪市/云山街道
255,9,3,11_兰溪市/游埠镇
255,9,3,12_兰溪市/永昌街道
255,9,3,10_兰溪市/上华街道
255,10,1,6_鄞州区/云龙镇
255,1,2,20_嵊州市/剡湖街道
255,10,1,7_鄞州区/姜山镇
255,10,1,8_鄞州区/塘溪镇
255,10,1,9_鄞州区/瞻岐镇
255,1,2,21_嵊州市/黄泽镇
255,1,4,20_上虞区/丁宅乡
255,10,1,0_宁波市/鄞州区
255,10,1,1_鄞州区/东钱湖镇
255,10,1,2_鄞州区/东吴镇
255,10,1,3_鄞州区/五乡镇
255,10,1,4_鄞州区/高桥镇
255,1,4,22_上虞区/上浦镇
255,10,1,5_鄞州区/横溪镇
255,1,4,21_上虞区/汤浦镇
255,11,6,19_黄岩区/江口街道
255,11,1,15_天台县/洪畴镇
255,2,0,0_浙江省/湖州市
255,11,1,14_天台县/三合镇
255,11,1,10_天台县/平桥镇
255,11,1,11_天台县/福溪街道
255,11,1,12_天台县/坦头镇
255,11,1,13_天台县/赤城街道
255,0,0,0_浙江省/浙江省
255,11,6,10_黄岩区/头陀镇
255,11,6,12_黄岩区/新前街道
255,11,6,11_黄岩区/北城街道
255,11,6,14_黄岩区/上郑乡
255,11,6,13_黄岩区/上垟乡
255,11,6,16_黄岩区/宁溪镇
255,11,6,15_黄岩区/平田乡
255,11,6,18_黄岩区/东城街道
255,11,6,17_黄岩区/屿头乡
255,2,2,4_德清县/禹越镇
255,7,9,5_瓯海区/南白象街道
255,2,2,5_德清县/新市镇
255,7,9,4_瓯海区/茶山街道
255,2,2,2_德清县/乾元镇
255,7,9,3_瓯海区/丽岙街道
255,2,2,3_德清县/新安镇
255,7,9,2_瓯海区/泽雅镇
255,2,2,0_湖州市/德清县
255,7,9,9_瓯海区/景山街道
255,2,2,1_德清县/雷甸镇
255,7,9,8_瓯海区/新桥街道
255,7,9,7_瓯海区/梧田街道
255,7,9,6_瓯海区/三垟街道
255,4,4,17_柯城区/石室乡
255,2,2,8_德清县/三合乡
255,2,2,9_德清县/莫干山镇
255,2,2,6_德清县/钟管镇
255,2,2,7_德清县/筏头乡
255,4,4,11_柯城区/七里乡
255,1,5,6_诸暨市/大唐镇
255,4,4,12_柯城区/新新街道
255,1,5,7_诸暨市/次坞镇
255,1,5,4_诸暨市/应店街镇
255,2,4,9_安吉县/溪龙乡
255,4,4,10_柯城区/石梁镇
255,1,5,5_诸暨市/五泄镇
255,2,4,8_安吉县/杭垓镇
255,4,4,15_柯城区/府山街道
255,2,4,7_安吉县/章村镇
255,4,4,16_柯城区/九华乡
255,2,4,6_安吉县/孝丰镇
255,4,4,13_柯城区/荷花街道
255,1,5,8_诸暨市/草塔镇
255,2,4,5_安吉县/递铺镇
255,4,4,14_柯城区/白云街道
255,1,5,9_诸暨市/同山镇
255,2,4,4_安吉县/上墅乡
255,2,4,3_安吉县/天荒坪镇
255,2,4,2_安吉县/报福镇
255,2,4,1_安吉县/山川乡
255,2,4,0_湖州市/安吉县
255,1,5,2_诸暨市/牌头镇
255,7,9,0_温州市/瓯海区
255,1,5,3_诸暨市/马剑镇
255,7,9,1_瓯海区/瞿溪街道
255,1,5,0_绍兴市/诸暨市
255,1,5,1_诸暨市/安华镇
255,3,3,10_南湖区/余新镇
255,3,3,11_南湖区/城南街道
255,3,3,12_南湖区/长水街道
255,3,3,13_南湖区/解放街道
255,4,6,9_开化县/何田乡
255,4,6,8_开化县/长虹乡
255,9,1,13_武义县/大田乡
255,4,6,6_开化县/村头镇
255,9,1,14_武义县/熟溪街道
255,4,6,7_开化县/塘坞乡
255,9,1,11_武义县/茭道镇
255,4,6,4_开化县/华埠镇
255,9,1,12_武义县/坦洪乡
255,4,6,5_开化县/大溪边乡
255,11,5,10_路桥区/桐屿街道
255,9,1,17_武义县/王宅镇
255,4,6,2_开化县/桐村镇
255,9,1,18_武义县/俞源乡
255,4,6,3_开化县/杨林镇
255,7,6,16_瑞安市/东山街道
255,9,1,15_武义县/桐琴镇
255,4,6,0_衢州市/开化县
255,7,6,15_瑞安市/飞云街道
255,9,1,16_武义县/泉溪镇
255,4,6,1_开化县/齐溪镇
255,7,6,14_瑞安市/锦湖街道
255,7,6,13_瑞安市/陶山镇
255,7,6,12_瑞安市/上望街道
255,7,6,11_瑞安市/莘塍街道
255,7,6,10_瑞安市/安阳街道
255,9,1,10_武义县/三港乡
255,3,1,4_海盐县/元通街道
255,6,2,11_临安市/青山湖街道
255,3,1,5_海盐县/西塘桥街道
255,6,2,12_临安市/高虹镇
255,3,1,2_海盐县/百步镇
255,3,1,3_海盐县/沈荡镇
255,6,2,10_临安市/锦北街道
255,3,1,0_嘉兴市/海盐县
255,6,2,15_临安市/太湖源镇
255,3,1,1_海盐县/澉浦镇
255,2,2,11_德清县/洛舍镇
255,6,2,16_临安市/於潜镇
255,2,2,10_德清县/武康镇
255,6,2,13_临安市/锦城街道
255,6,2,14_临安市/天目山镇
255,8,6,4_青田县/章旦乡
255,8,6,5_青田县/油竹新区
255,6,10,10_江干区/白杨街道
255,8,6,6_青田县/仁宫乡
255,8,6,7_青田县/鹤城镇
255,8,6,8_青田县/石溪乡
255,3,1,8_海盐县/通元镇
255,8,6,9_青田县/贵岙乡
255,3,1,9_海盐县/于城镇
255,3,1,6_海盐县/武原街道
255,3,1,7_海盐县/秦山街道
255,3,3,9_南湖区/东栅街道
255,3,3,8_南湖区/南湖街道
255,8,6,1_青田县/万阜乡
255,3,3,7_南湖区/新兴街道
255,8,6,0_丽水市/青田县
255,3,3,6_南湖区/凤桥镇
255,8,6,3_青田县/山口镇
255,3,3,5_南湖区/七星镇
255,10,6,0_宁波市/江东区
255,8,6,2_青田县/汤垟乡
255,3,3,4_南湖区/新嘉街道
255,10,6,1_江东区/江东区所辖街道
255,3,3,3_南湖区/建设街道
255,3,3,2_南湖区/大桥镇
255,3,3,1_南湖区/新丰镇
255,6,2,18_临安市/太阳镇
255,3,3,0_嘉兴市/南湖区
255,6,2,17_临安市/潜川镇
255,9,4,12_浦江县/浦南街道
255,9,4,13_浦江县/黄宅镇
255,9,4,10_浦江县/虞宅乡
255,9,4,11_浦江县/大畈乡
255,4,5,12_常山县/新昌乡
255,9,4,14_浦江县/前吴乡
255,4,5,11_常山县/招贤镇
255,9,4,15_浦江县/郑家坞镇
255,4,5,10_常山县/青石镇
255,10,11,4_象山县/茅洋乡
255,10,11,3_象山县/新桥镇
255,10,11,2_象山县/泗洲头镇
255,10,11,1_象山县/定塘镇
255,10,11,8_象山县/东陈乡
255,10,11,7_象山县/晓塘乡
255,10,11,6_象山县/西周镇
255,10,11,5_象山县/墙头镇
255,10,11,0_宁波市/象山县
255,6,4,20_余杭区/百丈镇
255,10,11,9_象山县/大徐镇
255,11,2,17_临海市/江南街道
255,11,2,18_临海市/涌泉镇
255,11,2,15_临海市/沿江镇
255,7,0,0_浙江省/温州市
255,11,2,16_临海市/汛桥镇
255,11,2,19_临海市/小芝镇
255,11,2,10_临海市/古城街道
255,11,2,14_临海市/尤溪镇
255,11,2,13_临海市/括苍镇
255,11,2,12_临海市/大洋街道
255,11,2,11_临海市/邵家渡街道
255,4,2,11_龙游县/龙洲街道
255,4,2,12_龙游县/沐尘畲族乡
255,4,2,13_龙游县/大街乡
255,4,2,14_龙游县/溪口镇
255,4,2,10_龙游县/东华街道
255,1,2,9_嵊州市/北漳镇
255,1,2,7_嵊州市/金庭镇
255,1,2,8_嵊州市/三界镇
255,8,7,20_遂昌县/高坪乡
255,1,2,1_嵊州市/甘霖镇
255,1,2,2_嵊州市/里南乡
255,1,2,0_绍兴市/嵊州市
255,1,2,5_嵊州市/下王镇
255,4,2,15_龙游县/罗家乡
255,1,2,6_嵊州市/三江街道
255,1,2,3_嵊州市/贵门乡
255,1,2,4_嵊州市/长乐镇
255,8,0,0_浙江省/丽水市
255,8,7,14_遂昌县/金竹镇
255,8,7,15_遂昌县/濂竹乡
255,9,6,13_义乌市/廿三里街道
255,8,7,12_遂昌县/三仁畲族乡
255,9,6,12_义乌市/赤岸镇
255,8,7,13_遂昌县/应村乡
255,9,6,11_义乌市/佛堂镇
255,8,7,10_遂昌县/蔡源乡
255,9,6,10_义乌市/后宅街道
255,8,7,11_遂昌县/黄沙腰镇
255,8,7,18_遂昌县/新路湾镇
255,8,7,19_遂昌县/北界镇
255,8,7,16_遂昌县/云峰街道
255,8,7,17_遂昌县/妙高街道
255,1,0,0_浙江省/绍兴市
255,11,1,1_天台县/龙溪乡
255,11,1,2_天台县/南屏乡
255,5,1,10_定海区/盐仓街道
255,11,1,3_天台县/三州乡
255,6,4,10_余杭区/东湖街道
255,11,1,4_天台县/白鹤镇
255,5,1,13_定海区/双桥街道
255,5,1,11_定海区/解放街道
255,11,1,0_台州市/天台县
255,5,1,12_定海区/岑港街道
255,11,1,9_天台县/始丰街道
255,6,4,16_余杭区/五常街道
255,6,4,15_余杭区/星桥街道
255,6,4,18_余杭区/鸬鸟镇
255,6,4,17_余杭区/乔司街道
255,11,1,5_天台县/石梁镇
255,6,4,12_余杭区/仁和街道
255,11,1,6_天台县/泳溪乡
255,6,4,11_余杭区/临平街道
255,11,1,7_天台县/雷峰乡
255,8,8,1_松阳县/安民乡
255,6,4,14_余杭区/运河街道
255,11,1,8_天台县/街头镇
255,8,8,0_丽水市/松阳县
255,6,4,13_余杭区/塘栖镇
255,11,3,8_椒江区/章安街道
255,8,8,2_松阳县/大东坝镇
255,11,3,7_椒江区/前所街道
255,8,8,3_松阳县/竹源乡
255,8,8,4_松阳县/斋坛乡
255,4,4,1_柯城区/华墅乡
255,11,3,9_椒江区/白云街道
255,8,8,5_松阳县/古市镇
255,4,4,0_衢州市/柯城区
255,11,3,4_椒江区/大陈镇
255,8,8,6_松阳县/樟溪乡
255,6,4,19_余杭区/黄湖镇
255,11,3,3_椒江区/海门街道
255,8,8,7_松阳县/赤寿乡
255,11,3,6_椒江区/葭沚街道
255,8,8,8_松阳县/四都乡
255,11,3,5_椒江区/洪家街道
255,8,8,9_松阳县/望松街道
255,11,3,0_台州市/椒江区
255,4,4,7_柯城区/姜家山乡
255,4,4,6_柯城区/信安街道
255,11,3,2_椒江区/三甲街道
255,4,4,9_柯城区/万田乡
255,11,3,1_椒江区/下陈街道
255,4,4,8_柯城区/航埠镇
255,4,4,3_柯城区/花园街道
255,4,4,2_柯城区/黄家乡
255,4,4,5_柯城区/沟溪乡
255,4,4,4_柯城区/双港街道
255,8,4,9_景宁畲族自治县/秋炉乡
255,8,4,8_景宁畲族自治县/雁溪乡
255,8,4,7_景宁畲族自治县/毛垟乡
255,8,4,6_景宁畲族自治县/家地乡
255,8,4,0_丽水市/景宁畲族自治县
255,8,4,1_景宁畲族自治县/大均乡
255,8,4,4_景宁畲族自治县/东坑镇
255,8,4,5_景宁畲族自治县/梅岐乡
255,8,4,2_景宁畲族自治县/郑坑乡
255,8,4,3_景宁畲族自治县/景南乡
255,5,1,0_舟山市/定海区
255,6,3,8_西湖区/西溪街道
255,5,1,1_定海区/临城街道
255,6,3,7_西湖区/古荡街道
255,5,1,2_定海区/城东街道
255,6,3,6_西湖区/北山街道
255,5,1,3_定海区/昌国街道
255,6,3,5_西湖区/灵隐街道
255,6,3,4_西湖区/留下街道
255,6,3,3_西湖区/西湖街道
255,6,5,9_富阳区/永昌镇
255,6,3,2_西湖区/转塘街道
255,6,5,8_富阳区/里山镇
255,6,3,1_西湖区/双浦镇
255,6,5,7_富阳区/灵桥镇
255,5,1,8_定海区/环南街道
255,6,3,0_杭州市/西湖区
255,7,5,1_乐清市/北白象镇
255,7,7,7_苍南县/凤阳畲族乡
255,5,1,9_定海区/金塘镇
255,7,5,0_温州市/乐清市
255,7,7,6_苍南县/矾山镇
255,7,7,5_苍南县/马站镇
255,7,7,4_苍南县/宜山镇
255,5,1,4_定海区/小沙街道
255,7,5,5_乐清市/清江镇
255,5,1,5_定海区/干镇
255,7,5,4_乐清市/淡溪镇
255,1,1,10_新昌县/沙溪镇
255,5,1,6_定海区/马岙街道
255,7,5,3_乐清市/虹桥镇
255,7,7,9_苍南县/苍南县所辖乡镇
255,5,1,7_定海区/白泉镇
255,7,5,2_乐清市/翁垟街道
255,7,7,8_苍南县/岱岭畲族乡
255,1,1,11_新昌县/南明街道
255,5,3,7_普陀区/东极镇
255,7,5,8_乐清市/仙溪镇
255,1,1,12_新昌县/澄潭镇
255,5,3,6_普陀区/虾峙镇
255,7,5,9_乐清市/天成街道
255,1,1,13_新昌县/梅渚镇
255,5,3,9_普陀区/东港街道
255,7,5,6_乐清市/雁荡镇
255,1,1,14_新昌县/七星街道
255,5,3,8_普陀区/普陀山镇
255,7,5,7_乐清市/芙蓉镇
255,1,1,15_新昌县/回山镇
255,5,3,3_普陀区/普陀区所辖乡镇
255,7,7,2_苍南县/桥墩镇
255,1,1,16_新昌县/双彩乡
255,5,3,2_普陀区/六横镇
255,7,7,3_苍南县/灵溪镇
255,5,3,5_普陀区/朱家尖街道
255,7,7,0_温州市/苍南县
255,5,3,4_普陀区/沈家门街道
255,7,7,1_苍南县/藻溪镇
255,6,5,5_富阳区/洞桥镇
255,6,5,6_富阳区/春江街道
255,5,3,1_普陀区/桃花镇
255,6,5,3_富阳区/万市镇
255,5,3,0_舟山市/普陀区
255,6,5,4_富阳区/新登镇
255,6,5,1_富阳区/渔山乡
255,6,5,2_富阳区/银湖街道
255,6,3,9_西湖区/翠苑街道
255,6,5,0_杭州市/富阳区
255,9,9,1_婺城区/安地镇
255,6,1,0_杭州市/淳安县
255,9,9,0_金华市/婺城区
255,9,9,3_婺城区/塔石乡
255,6,1,2_淳安县/大墅镇
255,9,9,2_婺城区/雅畈镇
255,6,1,1_淳安县/中洲镇
255,9,9,5_婺城区/箬阳乡
255,9,9,4_婺城区/莘畈乡
255,9,9,7_婺城区/岭上乡
255,1,5,27_诸暨市/浬浦镇
255,9,9,6_婺城区/沙畈乡
255,8,2,10_龙泉市/石街道
255,1,5,26_诸暨市/陶朱街道
255,9,9,9_婺城区/琅琊镇
255,9,3,9_兰溪市/梅江镇
255,9,1,3_武义县/白姆乡
255,8,2,11_龙泉市/八都镇
255,6,1,8_淳安县/石林镇
255,9,9,8_婺城区/苏孟乡
255,9,3,8_兰溪市/横溪镇
255,9,1,2_武义县/桃溪镇
255,8,2,12_龙泉市/兰巨乡
255,6,1,7_淳安县/威坪镇
255,9,3,7_兰溪市/诸葛镇
255,9,1,1_武义县/西联乡
255,8,2,13_龙泉市/竹垟畲族乡
255,9,3,6_兰溪市/水亭畲族乡
255,9,1,0_金华市/武义县
255,8,2,14_龙泉市/上垟镇
255,6,1,9_淳安县/里商乡
255,9,1,7_武义县/柳城畲族镇
255,8,2,15_龙泉市/宝溪乡
255,6,1,4_淳安县/姜家镇
255,9,1,6_武义县/白洋街道
255,8,2,16_龙泉市/剑池街道
255,6,1,3_淳安县/安阳乡
255,9,1,5_武义县/履坦镇
255,8,2,17_龙泉市/西街街道
255,6,1,6_淳安县/文昌镇
255,9,1,4_武义县/壶山街道
255,8,2,18_龙泉市/龙南乡
255,6,1,5_淳安县/汾口镇
255,9,3,0_金华市/兰溪市
255,9,3,1_兰溪市/柏社乡
255,8,2,19_龙泉市/道太乡
255,9,1,8_武义县/新宅镇
255,9,1,9_武义县/大溪口乡
255,9,3,4_兰溪市/赤溪街道
255,9,3,5_兰溪市/黄店镇
255,9,3,2_兰溪市/马涧镇
255,9,3,3_兰溪市/香溪镇
255,1,5,24_诸暨市/王家井镇
255,1,5,25_诸暨市/阮市镇
255,1,5,22_诸暨市/暨阳街道
255,1,5,23_诸暨市/枫桥镇
255,1,5,20_诸暨市/直埠镇
255,1,5,21_诸暨市/江藻镇
255,1,5,16_诸暨市/浣东街道
255,1,5,15_诸暨市/店口镇
255,1,5,18_诸暨市/赵家镇
255,1,5,17_诸暨市/街亭镇
255,10,9,11_慈溪市/庵东镇
255,10,9,12_慈溪市/周巷镇
255,1,5,19_诸暨市/东和乡
255,10,9,10_慈溪市/崇寿镇
255,8,1,18_缙云县/前路乡
255,10,9,15_慈溪市/逍林镇
255,6,8,6_拱墅区/和睦街道
255,10,9,16_慈溪市/慈溪市围垦区
255,6,8,7_拱墅区/拱宸桥街道
255,10,9,13_慈溪市/白沙路街道
255,6,8,4_拱墅区/大关街道
255,10,9,14_慈溪市/桥头镇
255,6,8,5_拱墅区/小河街道
255,10,9,19_慈溪市/天元镇
255,10,9,17_慈溪市/观海卫镇
255,6,8,8_拱墅区/祥符街道
255,10,9,18_慈溪市/古塘街道
255,6,8,9_拱墅区/康桥街道
255,6,10,6_江干区/闸弄口街道
255,6,10,5_江干区/九堡镇
255,6,10,8_江干区/笕桥镇
255,6,10,7_江干区/丁桥镇
255,6,8,3_拱墅区/湖墅街道
255,6,8,2_拱墅区/上塘街道
255,6,10,9_江干区/下沙街道
255,6,8,1_拱墅区/米市巷街道
255,6,8,0_杭州市/拱墅区
255,8,1,16_缙云县/壶镇镇
255,8,1,17_缙云县/三溪乡
255,8,1,14_缙云县/东方镇
255,6,10,0_杭州市/江干区
255,8,1,15_缙云县/新碧街道
255,1,5,10_诸暨市/璜山镇
255,8,1,12_缙云县/五云街道
255,1,5,11_诸暨市/陈宅镇
255,6,10,2_江干区/凯旋街道
255,8,1,13_缙云县/仙都街道
255,1,5,12_诸暨市/东白湖镇
255,6,10,1_江干区/采荷街道
255,8,1,10_缙云县/大源镇
255,1,5,13_诸暨市/岭北镇
255,6,10,4_江干区/彭埠镇
255,8,1,11_缙云县/新建镇
255,1,5,14_诸暨市/山下湖镇
255,6,10,3_江干区/四季青街道
255,10,9,20_慈溪市/宗汉街道
255,10,9,21_慈溪市/附海镇
255,9,9,19_婺城区/白龙桥镇
255,9,9,17_婺城区/罗店镇
255,9,9,18_婺城区/竹马乡
255,9,9,15_婺城区/三江街道
255,9,9,16_婺城区/江南街道
255,9,9,13_婺城区/秋滨街道
255,9,9,14_婺城区/汤溪镇
255,9,9,11_婺城区/西关街道
255,9,9,12_婺城区/城西街道
255,9,9,21_婺城区/乾西乡
255,9,9,20_婺城区/新狮街道
255,6,12,9_桐庐县/凤川街道
255,6,12,7_桐庐县/钟山乡
255,10,2,9_奉化市/岳林街道
255,6,12,8_桐庐县/城南街道
255,10,2,8_奉化市/溪口镇
255,6,12,5_桐庐县/富春江镇
255,10,2,7_奉化市/萧王庙街道
255,6,12,6_桐庐县/旧县街道
255,10,2,6_奉化市/锦屏街道
255,6,12,3_桐庐县/合村乡
255,10,2,5_奉化市/江口街道
255,6,12,4_桐庐县/新合乡
255,10,2,4_奉化市/莼湖镇
255,3,7,0_嘉兴市/桐乡市
255,6,6,3_上城区/清波街道
255,6,12,1_桐庐县/分水镇
255,10,2,3_奉化市/大堰镇
255,3,7,1_桐乡市/龙翔街道
255,6,6,2_上城区/紫阳街道
255,6,12,2_桐庐县/百江镇
255,10,2,2_奉化市/尚田镇
255,3,7,2_桐乡市/石门镇
255,6,6,5_上城区/小营街道
255,10,2,1_奉化市/西坞街道
255,3,7,3_桐乡市/乌镇镇
255,6,6,4_上城区/望江街道
255,6,12,0_杭州市/桐庐县
255,10,2,0_宁波市/奉化市
255,3,7,4_桐乡市/凤鸣街道
255,3,7,5_桐乡市/崇福镇
255,3,7,6_桐乡市/高桥镇
255,6,6,1_上城区/南星街道
255,3,7,7_桐乡市/大麻镇
255,6,6,0_杭州市/上城区
255,3,7,9_桐乡市/河山镇
255,3,5,3_海宁市/许村镇
255,3,7,8_桐乡市/洲泉镇
255,3,5,2_海宁市/长安镇
255,9,9,10_婺城区/长山乡
255,3,5,5_海宁市/海昌街道
255,3,5,4_海宁市/黄湾镇
255,3,5,7_海宁市/硖石街道
255,6,6,6_上城区/湖滨街道
255,3,5,6_海宁市/海洲街道
255,3,5,9_海宁市/丁桥镇
255,3,5,8_海宁市/马桥街道
255,3,5,1_海宁市/周王庙镇
255,3,5,0_嘉兴市/海宁市
255,4,1,6_江山市/峡口镇
255,4,1,5_江山市/石门镇
255,4,1,8_江山市/长台镇
255,4,1,7_江山市/新塘边镇
255,4,1,9_江山市/塘源口乡
255,9,7,1_磐安县/安文镇
255,9,7,0_金华市/磐安县
255,9,5,9_东阳市/吴宁街道
255,4,1,0_衢州市/江山市
255,9,5,8_东阳市/江北街道
255,9,5,7_东阳市/白云街道
255,4,1,2_江山市/保安乡
255,9,5,6_东阳市/三单乡
255,4,1,1_江山市/廿八都镇
255,9,5,5_东阳市/佐村镇
255,4,1,4_江山市/张村乡
255,9,5,4_东阳市/南马镇
255,4,1,3_江山市/双溪口乡
255,9,7,8_磐安县/胡宅乡
255,9,5,2_东阳市/巍山镇
255,9,7,9_磐安县/窈川乡
255,9,5,3_东阳市/画水镇
255,9,7,6_磐安县/万苍乡
255,9,5,0_金华市/东阳市
255,9,7,7_磐安县/尖山镇
255,9,5,1_东阳市/虎鹿镇
255,9,7,4_磐安县/深泽乡
255,9,7,5_磐安县/玉山镇
255,10,7,10_宁海县/岔路镇
255,9,7,2_磐安县/盘峰乡
255,9,7,3_磐安县/双峰乡
255,10,7,12_宁海县/宁海县所辖街道
255,10,7,11_宁海县/桑洲镇
255,10,7,14_宁海县/长街镇
255,10,7,13_宁海县/强蛟镇
255,10,7,16_宁海县/越溪乡
255,10,7,15_宁海县/力洋镇
255,10,7,17_宁海县/一市镇
255,9,9,22_婺城区/城北街道
255,9,9,23_婺城区/蒋堂镇
255,9,9,24_婺城区/洋埠镇
255,9,9,25_婺城区/城中街道
255,9,9,26_婺城区/城东街道
255,9,9,27_婺城区/罗埠镇
255,11,9,5_三门县/沙柳镇
255,11,9,6_三门县/蛇蟠乡
255,11,9,7_三门县/珠岙镇
255,11,9,8_三门县/海游镇
255,11,9,9_三门县/六敖镇
255,2,4,11_安吉县/鄣吴镇
255,2,4,12_安吉县/梅溪镇
255,11,9,0_台州市/三门县
255,2,4,13_安吉县/皈山乡
255,11,9,2_三门县/高枧乡
255,11,9,1_三门县/亭旁镇
255,11,9,4_三门县/横渡镇
255,11,9,3_三门县/小雄镇
255,2,4,10_安吉县/天子湖镇
255,7,4,10_龙湾区/灵昆街道
255,11,5,3_路桥区/金清镇
255,11,5,4_路桥区/新桥镇
255,11,5,1_路桥区/横街镇
255,11,5,2_路桥区/蓬街镇
255,11,5,7_路桥区/路桥街道
255,11,5,8_路桥区/路南街道
255,11,5,5_路桥区/螺洋街道
255,11,5,6_路桥区/峰江街道
255,11,5,0_台州市/路桥区
255,7,2,10_文成县/玉壶镇
255,11,5,9_路桥区/路北街道
255,7,8,10_平阳县/万全镇
255,6,11,14_建德市/三都镇
255,7,2,9_文成县/百丈漈镇
255,6,11,13_建德市/莲花镇
255,6,11,12_建德市/钦堂乡
255,6,11,11_建德市/下涯镇
255,6,11,10_建德市/乾潭镇
255,6,3,10_西湖区/文新街道
255,6,3,11_西湖区/蒋村街道
255,6,3,12_西湖区/三墩镇
255,10,4,2_镇海区/骆驼街道
255,10,4,1_镇海区/招宝山街道
255,10,4,0_宁波市/镇海区
255,7,2,0_温州市/文成县
255,7,2,2_文成县/西坑畲族镇
255,7,2,1_文成县/珊溪镇
255,7,2,4_文成县/巨屿镇
255,7,2,3_文成县/南田镇
255,10,4,6_镇海区/蛟川街道
255,7,2,6_文成县/峃口镇
255,10,4,5_镇海区/庄市街道
255,7,2,5_文成县/周山畲族乡
255,10,4,4_镇海区/澥浦镇
255,7,2,8_文成县/黄坦镇
255,10,4,3_镇海区/九龙湖镇
255,7,2,7_文成县/大峃镇
255,10,0,0_浙江省/宁波市
255,6,11,15_建德市/大慈岩镇
255,6,11,16_建德市/更楼街道
255,11,7,10_玉环县/清港镇
255,11,7,11_玉环县/干江镇
255,4,3,20_衢江区/太真乡
255,4,3,17_衢江区/双桥乡
255,4,3,16_衢江区/周家乡
255,4,3,19_衢江区/峡川镇
255,4,3,18_衢江区/杜泽镇
255,9,5,15_东阳市/横店镇
255,9,5,16_东阳市/马宅镇
255,9,5,17_东阳市/湖溪镇
255,9,5,18_东阳市/六石街道
255,9,5,11_东阳市/东阳江镇
255,4,3,12_衢江区/樟潭街道
255,9,5,12_东阳市/城东街道
255,4,3,13_衢江区/浮石街道
255,9,5,13_东阳市/千祥镇
255,4,3,14_衢江区/云溪乡
255,9,5,14_东阳市/南市街道
255,4,3,15_衢江区/莲花镇
255,4,3,10_衢江区/高家镇
255,9,5,10_东阳市/歌山镇
255,4,3,11_衢江区/全旺镇
255,10,8,5_北仑区/梅山乡
255,11,7,9_玉环县/玉城街道
255,10,8,6_北仑区/春晓镇
255,11,7,8_玉环县/楚门镇
255,10,8,3_北仑区/小港街道
255,11,7,7_玉环县/沙门镇
255,10,8,4_北仑区/新碶街道
255,10,8,1_北仑区/大碶街道
255,10,8,2_北仑区/霞浦街道
255,10,8,0_宁波市/北仑区
255,1,3,14_柯桥区/漓渚镇
255,1,3,13_柯桥区/兰亭镇
255,1,3,16_柯桥区/王坛镇
255,1,3,15_柯桥区/稽东镇
255,1,3,17_柯桥区/平水镇
255,7,11,9_永嘉县/乌牛街道
255,3,7,11_桐乡市/濮院镇
255,7,11,7_永嘉县/三江街道
255,7,11,8_永嘉县/黄田街道
255,3,7,12_桐乡市/屠甸镇
255,1,3,10_柯桥区/福全镇
255,1,3,11_柯桥区/马鞍镇
255,7,11,5_永嘉县/江北街道
255,1,3,12_柯桥区/绍兴县围垦区
255,7,11,6_永嘉县/东瓯街道
255,11,7,1_玉环县/大麦屿街道
255,7,11,3_永嘉县/枫林镇
255,11,7,2_玉环县/海山乡
255,7,11,4_永嘉县/鹤盛镇
255,7,11,1_永嘉县/巽宅镇
255,11,7,0_台州市/玉环县
255,3,7,10_桐乡市/梧桐街道
255,7,11,2_永嘉县/桥头镇
255,11,7,5_玉环县/龙溪乡
255,11,7,6_玉环县/芦浦镇
255,10,8,9_北仑区/大榭开发区
255,7,11,0_温州市/永嘉县
255,11,7,3_玉环县/鸡山乡
255,10,8,8_北仑区/白峰镇
255,11,7,4_玉环县/坎门街道
255,10,8,7_北仑区/柴桥街道
255,9,2,13_永康市/方岩镇
255,9,2,12_永康市/舟山镇
255,8,5,10_云和县/白龙山街道
255,9,2,14_永康市/龙山镇
255,9,2,11_永康市/西溪镇
255,9,2,10_永康市/古山镇
255,7,11,18_永嘉县/沙头镇
255,6,1,19_淳安县/临岐镇
255,2,1,0_湖州市/南浔区
255,6,1,18_淳安县/左口乡
255,2,1,1_南浔区/练市镇
255,6,1,17_淳安县/宋村乡
255,2,1,2_南浔区/南浔镇
255,6,1,16_淳安县/富文乡
255,7,11,14_永嘉县/岩坦镇
255,2,1,3_南浔区/千金镇
255,7,11,15_永嘉县/碧莲镇
255,2,1,4_南浔区/善琏镇
255,7,11,16_永嘉县/大若岩镇
255,2,1,5_南浔区/石淙镇
255,7,11,17_永嘉县/桥下镇
255,2,1,6_南浔区/菱湖镇
255,2,1,7_南浔区/和孚镇
255,2,1,8_南浔区/旧馆镇
255,2,1,9_南浔区/双林镇
255,10,10,11_余姚市/兰江街道
255,10,10,12_余姚市/临山镇
255,10,10,10_余姚市/三七市镇
255,10,10,15_余姚市/小曹娥镇
255,10,10,16_余姚市/大隐镇
255,10,10,13_余姚市/泗门镇
255,10,10,14_余姚市/余姚市围垦区
255,6,1,10_淳安县/界首乡
255,6,1,11_淳安县/千岛湖镇
255,10,8,10_北仑区/戚家山街道
255,6,1,14_淳安县/鸠坑乡
255,6,1,15_淳安县/浪川乡
255,6,1,12_淳安县/金峰乡
255,6,1,13_淳安县/梓桐镇
255,2,3,7_吴兴区/杨家埠镇
255,1,6,9_越城区/塔山街道
255,2,3,8_吴兴区/东林镇
255,1,6,8_越城区/迪荡街道
255,2,3,5_吴兴区/康山街道
255,1,6,7_越城区/稽山街道
255,2,3,6_吴兴区/仁皇山街道
255,1,6,6_越城区/鉴湖镇
255,1,6,5_越城区/城南街道
255,1,6,4_越城区/灵芝镇
255,2,3,9_吴兴区/朝阳街道
255,1,6,3_越城区/斗门镇
255,10,10,18_余姚市/大岚镇
255,1,6,2_越城区/马山镇
255,10,10,17_余姚市/河姆渡镇
255,1,6,1_越城区/皋埠镇
255,2,3,0_湖州市/吴兴区
255,1,6,0_绍兴市/越城区
255,10,10,19_余姚市/鹿亭乡
255,2,3,3_吴兴区/道场乡
255,2,3,4_吴兴区/妙西镇
255,2,3,1_吴兴区/织里镇
255,2,3,2_吴兴区/埭溪镇
255,10,10,20_余姚市/陆埠镇
255,1,4,3_上虞区/小越镇
255,10,10,21_余姚市/四明山镇
255,1,4,4_上虞区/谢塘镇
255,10,10,22_余姚市/梁弄镇
255,1,4,1_上虞区/梁湖镇
255,1,4,2_上虞区/驿亭镇
255,2,5,2_长兴县/吕山乡
255,1,4,0_绍兴市/上虞区
255,2,5,1_长兴县/和平镇
255,2,5,0_湖州市/长兴县
255,7,11,13_永嘉县/岩头镇
255,2,5,6_长兴县/洪桥镇
255,7,11,12_永嘉县/北城街道
255,2,5,5_长兴县/林城镇
255,6,1,20_淳安县/王阜乡
255,7,11,11_永嘉县/南城街道
255,1,4,9_上虞区/盖北镇
255,2,5,4_长兴县/李家巷镇
255,6,1,21_淳安县/瑶山乡
255,7,11,10_永嘉县/东城街道
255,2,5,3_长兴县/虹星桥镇
255,6,1,22_淳安县/屏门乡
255,1,4,7_上虞区/沥海镇
255,6,1,23_淳安县/枫树岭镇
255,2,5,9_长兴县/小浦镇
255,1,4,8_上虞区/崧厦镇
255,1,4,5_上虞区/东关街道
255,2,5,8_长兴县/雉城街道
255,1,4,6_上虞区/道墟镇
255,2,5,7_长兴县/泗安镇
255,10,2,10_奉化市/松岙镇
255,5,4,3_嵊泗县/五龙乡
255,7,8,0_温州市/平阳县
255,10,2,11_奉化市/裘村镇
255,5,4,4_嵊泗县/黄龙乡
255,5,4,1_嵊泗县/洋山镇
255,7,8,2_平阳县/青街畲族乡
255,5,4,2_嵊泗县/菜园镇
255,7,8,1_平阳县/顺溪镇
255,5,4,7_嵊泗县/花鸟乡
255,5,4,5_嵊泗县/枸杞乡
255,5,4,6_嵊泗县/嵊山镇
255,7,9,13_瓯海区/娄桥街道
255,7,9,11_瓯海区/潘桥街道
255,5,4,0_舟山市/嵊泗县
255,7,9,12_瓯海区/郭溪街道
255,7,9,10_瓯海区/仙岩街道
255,7,8,7_平阳县/萧江镇
255,9,0,0_浙江省/金华市
255,7,8,8_平阳县/鳌江镇
255,7,8,9_平阳县/昆阳镇
255,7,8,3_平阳县/南雁镇
255,7,8,4_平阳县/水头镇
255,7,8,5_平阳县/山门镇
255,7,8,6_平阳县/腾蛟镇
255,10,10,1_余姚市/梨洲街道
255,9,4,2_浦江县/中余乡
255,10,10,0_宁波市/余姚市
255,9,4,1_浦江县/檀溪镇
255,9,4,4_浦江县/浦阳街道
255,9,4,3_浦江县/花桥乡
255,9,4,0_金华市/浦江县
255,10,10,9_余姚市/朗霞街道
255,10,10,8_余姚市/黄家埠镇
255,10,10,7_余姚市/低塘街道
255,10,10,6_余姚市/马渚镇
255,10,10,5_余姚市/阳明街道
255,10,10,4_余姚市/凤山街道
255,7,4,9_龙湾区/海滨街道
255,10,10,3_余姚市/牟山镇
255,7,4,8_龙湾区/永中街道
255,10,10,2_余姚市/丈亭镇
255,7,4,7_龙湾区/永兴街道
255,7,4,5_龙湾区/天河街道
255,7,4,6_龙湾区/沙城街道
255,7,4,3_龙湾区/状元街道
255,7,4,4_龙湾区/蒲州街道
255,6,2,0_杭州市/临安市
255,7,4,1_龙湾区/海城街道
255,6,2,1_临安市/湍口镇
255,7,4,2_龙湾区/瑶溪街道
255,7,4,0_温州市/龙湾区
255,9,4,9_浦江县/白马镇
255,6,2,4_临安市/昌化镇
255,6,2,5_临安市/龙岗镇
255,5,0,0_浙江省/舟山市
255,6,2,2_临安市/河桥镇
255,6,2,3_临安市/清凉峰镇
255,9,4,5_浦江县/郑宅镇
255,6,2,8_临安市/锦南街道
255,9,4,6_浦江县/仙华街道
255,6,2,9_临安市/玲珑街道
255,9,4,7_浦江县/杭坪镇
255,6,2,6_临安市/岛石镇
255,9,4,8_浦江县/岩头镇
255,6,2,7_临安市/板桥镇
255,11,8,11_仙居县/福应街道
255,11,8,12_仙居县/下各镇
255,11,8,10_仙居县/淡竹乡
255,11,8,15_仙居县/步路乡
255,11,8,16_仙居县/安洲街道
255,11,8,13_仙居县/大战乡
255,11,8,14_仙居县/双庙乡
255,11,8,19_仙居县/官路镇
255,11,8,17_仙居县/南峰街道
255,11,8,18_仙居县/埠头镇
255,11,8,20_仙居县/白塔镇
255,3,0,0_浙江省/嘉兴市
255,10,7,9_宁海县/大佳何镇
255,10,7,8_宁海县/桥头胡街道
255,10,7,4_宁海县/梅林街道
255,3,2,0_嘉兴市/平湖市
255,10,7,5_宁海县/西店镇
255,10,7,6_宁海县/深甽镇
255,10,7,7_宁海县/胡陈乡
255,10,7,0_宁波市/宁海县
255,3,2,4_平湖市/新埭镇
255,10,7,1_宁海县/黄坛镇
255,3,2,3_平湖市/钟埭街道
255,10,7,2_宁海县/前童镇
255,3,2,2_平湖市/当湖街道
255,10,7,3_宁海县/茶院乡
255,3,2,1_平湖市/乍浦镇
255,3,2,8_平湖市/新仓镇
255,3,2,7_平湖市/广陈镇
255,3,2,6_平湖市/林埭镇
255,3,2,5_平湖市/曹桥街道
255,3,2,9_平湖市/独山港镇
255,4,6,10_开化县/马金镇
255,4,6,15_开化县/林山乡
255,4,6,16_开化县/音坑乡
255,4,6,17_开化县/中村乡
255,4,6,18_开化县/苏庄镇
255,4,6,11_开化县/张湾乡
255,4,6,12_开化县/池淮镇
255,4,6,13_开化县/城关镇
255,4,6,14_开化县/金村乡
255,9,8,11_金东区/孝顺镇
255,9,8,10_金东区/塘雅镇
255,8,3,15_庆元县/濛洲街道
255,8,3,14_庆元县/荷地镇
255,8,3,13_庆元县/岭头乡
255,7,7,10_苍南县/金乡镇
255,8,3,12_庆元县/龙溪乡
255,8,3,19_庆元县/张村乡
255,7,7,12_苍南县/龙港镇
255,8,3,18_庆元县/贤良镇
255,7,7,11_苍南县/钱库镇
255,8,3,17_庆元县/屏都街道
255,8,3,16_庆元县/松源街道
255,7,7,13_苍南县/赤溪镇
255,8,3,11_庆元县/百山祖镇
255,8,3,10_庆元县/官塘乡
255,8,6,19_青田县/高湖镇
255,8,6,17_青田县/万山乡
255,8,6,18_青田县/海溪乡
255,8,6,15_青田县/船寮镇
255,8,6,16_青田县/东源镇
255,8,6,13_青田县/祯埠乡
255,8,6,14_青田县/海口镇
255,8,6,11_青田县/高市乡
255,8,6,12_青田县/黄垟乡
255,8,6,10_青田县/巨浦乡
255,6,4,2_余杭区/中泰街道
255,6,4,3_余杭区/仓前街道
255,6,4,0_杭州市/余杭区
255,6,4,1_余杭区/闲林街道
255,5,2,0_舟山市/岱山县
255,6,4,6_余杭区/径山镇
255,6,4,7_余杭区/瓶窑镇
255,1,1,9_新昌县/羽林街道
255,5,2,2_岱山县/长涂镇
255,6,4,4_余杭区/余杭街道
255,1,1,8_新昌县/新林乡
255,5,2,1_岱山县/衢山镇
255,6,4,5_余杭区/良渚街道
255,1,1,7_新昌县/大市聚镇
255,5,2,4_岱山县/岱西镇
255,7,6,3_瑞安市/湖岭镇
255,1,1,6_新昌县/巧英乡
255,5,2,3_岱山县/岱东镇
255,7,6,4_瑞安市/仙降街道
255,1,1,5_新昌县/小将镇
255,5,2,6_岱山县/高亭镇
255,7,6,1_瑞安市/马屿镇
255,1,1,4_新昌县/儒岙镇
255,5,2,5_岱山县/东沙镇
255,7,6,2_瑞安市/高楼镇
255,1,1,3_新昌县/城南乡
255,1,1,2_新昌县/东茗乡
255,5,2,7_岱山县/秀山乡
255,7,6,0_温州市/瑞安市
255,1,1,1_新昌县/镜岭镇
255,1,1,0_绍兴市/新昌县
255,8,6,21_青田县/季宅乡
255,1,3,4_柯桥区/华舍街道
255,8,6,20_青田县/舒桥乡
255,1,3,5_柯桥区/钱清镇
255,1,3,2_柯桥区/湖塘街道
255,1,3,3_柯桥区/柯桥街道
255,7,6,9_瑞安市/汀田街道
255,8,6,25_青田县/吴坑乡
255,1,3,0_绍兴市/柯桥区
255,7,6,8_瑞安市/瑞安市所属乡镇
255,8,6,24_青田县/小舟山乡
255,1,3,1_柯桥区/柯岩街道
255,7,6,7_瑞安市/南滨街道
255,8,6,23_青田县/温溪镇
255,7,6,6_瑞安市/玉海街道
255,8,6,22_青田县/祯旺乡
255,7,6,5_瑞安市/塘下镇
255,8,6,29_青田县/仁庄镇
255,8,6,28_青田县/方山乡
255,8,6,27_青田县/腊口镇
255,6,4,9_余杭区/南苑街道
255,8,6,26_青田县/章村乡
255,6,4,8_余杭区/崇贤街道
255,1,3,8_柯桥区/夏履镇
255,1,3,9_柯桥区/杨汛桥镇
255,1,3,6_柯桥区/齐贤镇
255,1,3,7_柯桥区/安昌镇
255,9,2,5_永康市/花街镇
255,9,2,6_永康市/西城街道
255,9,2,3_永康市/芝英镇
255,9,2,4_永康市/东城街道
255,9,2,1_永康市/象珠镇
255,9,2,2_永康市/唐先镇
255,9,2,0_金华市/永康市
255,8,6,30_青田县/阜山乡
255,8,6,31_青田县/北山镇
255,9,2,9_永康市/石柱镇
255,9,2,8_永康市/江南街道
255,9,2,7_永康市/前仓镇
255,6,0,0_浙江省/杭州市
255,6,9,2_下城区/天水街道
255,6,9,1_下城区/武林街道
255,6,9,0_杭州市/下城区
255,6,7,3_滨江区/西兴街道
255,6,7,1_滨江区/浦沿街道
255,6,9,7_下城区/石桥街道
255,6,7,2_滨江区/长河街道
255,6,9,8_下城区/文晖街道
255,6,9,5_下城区/朝晖街道
255,6,7,0_杭州市/滨江区
255,6,9,6_下城区/东新街道
255,6,9,3_下城区/长庆街道
255,6,9,4_下城区/潮鸣街道
255,11,4,12_温岭市/城南镇
255,11,4,11_温岭市/新河镇
255,11,4,10_温岭市/滨海镇
255,11,4,16_温岭市/温峤镇
255,11,4,15_温岭市/城西街道
255,11,4,14_温岭市/太平街道
255,11,4,13_温岭市/坞根镇
255,8,8,19_松阳县/水南街道
255,11,4,17_温岭市/大溪镇
255,8,8,18_松阳县/叶村乡
255,8,8,17_松阳县/西屏街道
255,8,8,12_松阳县/三都乡
255,8,8,11_松阳县/板桥畲族乡
255,8,8,10_松阳县/裕溪乡
255,8,8,16_松阳县/新兴镇
255,8,8,15_松阳县/玉岩镇
255,8,8,14_松阳县/枫坪乡
255,8,8,13_松阳县/象溪镇
255,8,4,15_景宁畲族自治县/鸬鹚乡
255,8,4,16_景宁畲族自治县/梧桐乡
255,8,4,13_景宁畲族自治县/沙湾镇
255,5,3,10_普陀区/展茅街道
255,8,4,14_景宁畲族自治县/葛山乡
255,8,4,19_景宁畲族自治县/九龙乡
255,9,8,9_金东区/东孝街道
255,8,4,17_景宁畲族自治县/澄照乡
255,8,4,18_景宁畲族自治县/英川镇
255,9,8,6_金东区/傅村镇
255,9,8,5_金东区/曹宅镇
255,9,8,8_金东区/澧浦镇
255,8,1,9_缙云县/胡源乡
255,9,8,7_金东区/源东乡
255,9,8,2_金东区/江东镇
255,8,4,11_景宁畲族自治县/大漈乡
255,9,8,1_金东区/岭下镇
255,8,4,12_景宁畲族自治县/标溪乡
255,9,8,4_金东区/赤松镇
255,9,8,3_金东区/多湖街道
255,8,4,10_景宁畲族自治县/大地乡
255,8,1,4_缙云县/溶江乡
255,8,1,3_缙云县/双溪口乡
255,8,1,2_缙云县/舒洪镇
255,9,8,0_金华市/金东区
255,8,1,1_缙云县/七里乡
255,8,1,8_缙云县/东渡镇
255,4,2,2_龙游县/社阳乡
255,8,1,7_缙云县/方溪乡
255,4,2,3_龙游县/湖镇镇
255,8,1,6_缙云县/大洋镇
255,4,2,0_衢州市/龙游县
255,8,1,5_缙云县/石笕乡
255,4,2,1_龙游县/小南海镇
255,4,2,6_龙游县/模环乡
255,4,2,7_龙游县/塔石镇
255,4,2,4_龙游县/石佛乡
255,4,2,5_龙游县/横山镇
255,8,1,0_丽水市/缙云县
255,4,2,8_龙游县/詹家镇
255,4,2,9_龙游县/庙下乡
255,4,5,2_常山县/同弓乡
255,4,5,1_常山县/白石镇
255,4,5,4_常山县/何家乡
255,4,5,3_常山县/球川镇
255,11,2,1_临海市/河头镇
255,8,9,9_莲都区/太平乡
255,4,5,6_常山县/芳村镇
255,11,2,0_台州市/临海市
255,4,5,5_常山县/辉埠镇
255,11,2,3_临海市/永丰镇
255,4,5,8_常山县/大桥头乡
255,11,2,2_临海市/白水洋镇
255,4,5,7_常山县/东案乡
255,11,2,5_临海市/东塍镇
255,8,9,5_莲都区/大港头镇
255,8,4,20_景宁畲族自治县/渤海镇
255,11,2,4_临海市/大田街道
255,8,9,6_莲都区/丽新畲族乡
255,8,7,0_丽水市/遂昌县
255,8,4,21_景宁畲族自治县/鹤溪街道
255,11,2,7_临海市/杜桥镇
255,8,9,7_莲都区/仙渡乡
255,8,7,1_遂昌县/柘岱口乡
255,8,4,22_景宁畲族自治县/红星街道
255,11,2,6_临海市/汇溪镇
255,8,9,8_莲都区/水阁街道
255,8,7,2_遂昌县/西畈乡
255,11,2,9_临海市/桃渚镇
255,8,9,1_莲都区/雅溪镇
255,11,2,8_临海市/上盘镇
255,8,9,2_莲都区/黄村乡
255,8,9,3_莲都区/峰源乡
255,4,5,0_衢州市/常山县
255,8,9,4_莲都区/老竹畲族镇
255,8,7,8_遂昌县/焦滩乡
255,8,7,7_遂昌县/石练镇
255,8,9,0_丽水市/莲都区
255,8,7,9_遂昌县/湖山乡
255,8,7,4_遂昌县/王村口镇
255,8,7,3_遂昌县/龙洋乡
255,4,3,0_衢州市/衢江区
255,8,7,6_遂昌县/大柘镇
255,4,3,1_衢江区/岭洋乡
255,8,7,5_遂昌县/垵口乡
255,4,3,2_衢江区/举村乡
255,4,5,9_常山县/天马镇
255,4,3,3_衢江区/湖南镇
255,4,3,4_衢江区/灰坪乡
255,4,3,5_衢江区/上方镇
255,4,3,6_衢江区/黄坛口乡
255,4,3,7_衢江区/后溪镇
255,4,3,8_衢江区/大洲镇
255,4,3,9_衢江区/廿里镇
255,10,11,16_象山县/高塘岛乡
255,8,5,3_云和县/石塘镇
255,10,11,17_象山县/黄避岙乡
255,8,5,4_云和县/崇头镇
255,10,11,14_象山县/石浦镇
255,8,5,1_云和县/赤石乡
255,10,11,15_象山县/鹤浦镇
255,8,5,2_云和县/紧水滩镇
255,10,11,12_象山县/爵溪街道
255,8,3,9_庆元县/左溪镇
255,10,11,13_象山县/贤庠镇
255,8,5,0_丽水市/云和县
255,10,11,10_象山县/象山县所辖街道
255,8,3,7_庆元县/五大堡乡
255,10,11,11_象山县/涂茨镇
255,8,3,8_庆元县/江根乡
255,8,3,6_庆元县/淤上乡
255,8,3,5_庆元县/安南乡
255,8,3,4_庆元县/隆宫乡
255,8,5,9_云和县/浮云街道
255,8,3,3_庆元县/举水乡
255,8,5,8_云和县/凤凰山街道
255,8,3,2_庆元县/竹口镇
255,8,5,7_云和县/元和街道
255,8,3,1_庆元县/黄田镇
255,8,5,6_云和县/雾溪畲族乡
255,8,3,0_丽水市/庆元县
255,6,8,10_拱墅区/半山街道
255,8,5,5_云和县/安溪畲族乡
